TEST :
LISTENING (Part Ⅰ ～ Ⅳ)
No.
ANSWER
No.
ANSWER
No.
ANSWER
No.
ANSWER
No.
ANSWER
A B C D A B C A B C D A B C D A B C D
1
21       
41        
61 81
2 22 42 62 82
3 23 43 63 83
4 24 44 64 84
5 25 45 65 85
6 26 46 66 86
7 27 47 67 87
8 28 48 68 88
9 29 49 69 89
10 30 50 70 90
11 31 51 71 91
12 32 52 72 92
13 33 53 73 93
14 34 54 74 94
15 35 55 75 95
16 36 56 76 96
17 37 57 77 97
18 38 58 78 98
19 39 59 79 99
20 40 60 80 100
READING (Part Ⅴ ～ Ⅶ)
No.
ANSWER
No.
ANSWER
No.
ANSWER
No.
ANSWER
No.
ANSWER
A B C D A B C D A B C D A B C D A B C D
101 121 141 161 181
102 122 142 162 182
103 123 143 163 183
104 124 144 164 184
105 125 145 165 185
106 126 146 166 186
107 127 147 167 187
108 128 148 168 188
109 129 149 169 189
110 130 150 170 190
111 131 151 171 191
112 132 152 172 192
113 133 153 173 193
114 134 154 174 194
115 135 155 175 195
116 136 156 176 196
117 137 157 177 197
118 138 158 178 198
119 139 159 179 199
120 140 160 180 200
